1775.63 1788.86
0.301813 0.398634
356.178 2054.47
-0.137286 0.480783
920.369 -1112.02
0.037208 -0.498614
-814.128 587.824
-0.499261 0.0271831
2416.2 532.989
0.499896 0.0102166
-59.8892 -868.841
-0.265967 -0.423393
2268.93 -174.395
0.454406 -0.208603
1310.59 -1033.77
0.157915 -0.474408
1153.88 -1077.29
0.109459 -0.487872
-375.923 -609.174
-0.363724 -0.343081
545.449 2096.36
-0.0787539 0.493759
1600.41 -904.378
0.247592 -0.434394
2408.3 337.107
0.497455 -0.0503877
2397.05 249.494
0.493959 -0.0774913
866.104 -1115.14
0.0204382 -0.499582
-364.025 -621.677
-0.36004 -0.346946
1669.42 -862.738
0.268941 -0.42151
-484.611 1481.21
-0.397347 0.303505
21.6057 -916.788
-0.240758 -0.438219
-591.081 1323.37
-0.43027 0.254691
1731.82 -820.886
0.288239 -0.408556
795.264 -1116.5
-0.00145244 -0.499998
-803.33 705.812
-0.495931 0.0636599
2416.22 526.486
0.499933 0.00820254
2007.24 -574.931
0.373433 -0.332487
2073.15 1496.1
0.393806 0.308086
1379.43 -1009.09
0.179234 -0.466771
2319.71 -51.1412
0.47004 -0.170478
247.044 2019.02
-0.17104 0.469835
-210.558 -761.691
-0.312578 -0.39025
1252.96 -1051.77
0.140092 -0.479973
2051.44 -523.263
0.387066 -0.316512
-784.943 817.696
-0.490247 0.0982735
222.619 2009.94
-0.178601 0.467013
1487.88 -962.837
0.212762 -0.452473
2410.49 360.885
0.498145 -0.0430334
-815.303 562.75
-0.499623 0.0194094
-253.509 -726.055
-0.325859 -0.379231
-787.9 802.699
-0.491158 0.0936161
264.653 -1025.28
-0.165598 -0.471781
534.201 2094.46
-0.0821922 0.493198
-787.642 804.084
-0.49107 0.0940733
1243.98 2054.21
0.137323 0.480773
-783.731 176.076
-0.489857 -0.1002
1195.95 2067.17
0.122472 0.484769
1384.09 -1007.31
0.180664 -0.466219
1789 1778.68
0.305908 0.3955
344.965 -1051.17
-0.140742 -0.479783
2412.55 386.34
0.498762 -0.0351605
717.123 -1114.36
-0.0256573 -0.499341
2247.28 -219.872
0.447683 -0.222666
-549.926 1389.16
-0.41755 0.275049
-563.329 1368.63
-0.421689 0.268661
1890.82 1693.04
0.337376 0.369022
-313.497 -671.843
-0.344413 -0.362463
-20.4831 -892.789
-0.253781 -0.430808
801.579 2116.5
0.000466325 0.5
745.735 2115.65
-0.0167696 0.499719
-805.449 688.651
-0.496581 0.0583755
-810.976 633.402
-0.498293 0.0412765
-646.996 1220.64
-0.447569 0.222894
-756.51 63.689
-0.481441 -0.134963
-536.171 -409.774
-0.413295 -0.281402
-815.072 568.078
-0.499557 0.0210482
1848.59 -730.195
0.324365 -0.380509
-812.541 386.636
-0.49877 -0.0350543
1410.13 1996.92
0.188729 0.463013
-641.091 1232.34
-0.445751 0.226509
2057.37 -515.931
0.388917 -0.314234
1554.58 1929.51
0.233402 0.44218
-420.288 -560.143
-0.377455 -0.327914
1430.19 -988.628
0.194916 -0.460443
-597.058 1313.25
-0.432119 0.251542
-381.592 1603.06
-0.365479 0.341211
-728.9 1024.89
-0.472912 0.16234
2394.43 234.694
0.49322 -0.0820621
2410.95 364.634
0.498244 -0.041862
1128.09 -1082.89
0.101477 -0.489594
2274.76 -161.93
0.45616 -0.204739
-816.118 465.862
-0.499889 -0.0105451
2214 -283.388
0.437361 -0.242312
12.607 -911.741
-0.243556 -0.43667
233.87 2014.22
-0.175114 0.468332
1922 -663.701
0.347047 -0.359942
-68.979 1863.13
-0.268783 0.421611
2064.82 -506.686
0.391204 -0.311384
518.415 -1091.78
-0.0871161 -0.492352
1324.1 -1029.23
0.16208 -0.473001
269.631 2026.98
-0.164043 0.472324
2172.6 -353.856
0.424554 -0.26411
-511.689 1444.8
-0.405719 0.29222
1727.09 -824.123
0.2868 -0.409567
-102.24 1841.35
-0.279078 0.414868
617.67 -1106.19
-0.0564066 -0.496808
1668.63 -863.26
0.268696 -0.421666
1667 -864.389
0.268133 -0.422024
550.184 2097.15
-0.077293 0.49399
2216.33 -279.335
0.438056 -0.241054
-225.331 1749.78
-0.317152 0.386542
351.477 -1053.02
-0.138719 -0.480372
